2459002.5277902 0.47280
2459002.5247693 0.48815
2459002.5308227 0.47065
2459002.5429411 0.48790
2459002.5187049 0.48075
2459002.5096068 0.49425
2459002.5540878 0.47951
2459002.5368877 0.47877
2459002.5156724 0.53583
2459002.4919449 0.51997
2459002.5065749 0.51173
2459002.5629185 0.46393
2459002.4963663 0.47767
2459002.4874772 0.52159
2459002.4696179 0.51100
2459002.5805938 0.45130
2459002.5717613 0.46364
2459002.5496658 0.52238
2459002.5452444 0.51634
2459002.5399086 0.51026
2459002.5007872 0.54092
2459002.4830442 0.51154
2459002.4786344 0.55282
2459002.4740735 0.49913
2459002.4651965 0.54233
2459002.5126399 0.52285
2459002.5673399 0.46227
2459002.4607635 0.49560
2459002.4562952 0.50357
2459002.4473598 0.50955
2459002.6248184 0.45108
2459002.5338558 0.49624
2459002.6026893 0.42965
2459002.4518165 0.47121
2459002.6071101 0.49575
2459002.5850262 0.51734
2459002.5035534 0.55887
2459002.5894354 0.44634
2459002.6159645 0.42970
2459002.5938684 0.48686
2459002.6115431 0.49138
2459002.6292514 0.48532
2459002.5217252 0.51032
