2459002.5277902 9.17440 0.00679
2459002.5247693 9.20478 0.00631
2459002.5308227 9.13930 0.00678
2459002.5429411 9.08097 0.00590
2459002.5187049 9.23007 0.00652
2459002.5096068 9.25070 0.00721
2459002.5540878 9.04800 0.00555
2459002.5368877 9.11008 0.00643
2459002.5156724 9.23629 0.00673
2459002.4919449 9.33750 0.00845
2459002.5065749 9.26782 0.00714
2459002.5629185 9.00761 0.00524
2459002.4963663 9.34465 0.00773
2459002.4874772 9.31431 0.00835
2459002.4696179 9.28542 0.00836
2459002.5805938 8.91656 0.00490
2459002.5717613 8.96197 0.00522
2459002.5496658 9.06195 0.00573
2459002.5452444 9.07155 0.00575
2459002.5399086 9.11877 0.00586
2459002.5007872 9.29633 0.00700
2459002.4830442 9.31874 0.00823
2459002.4786344 9.28357 0.00832
2459002.4740735 9.29356 0.00831
2459002.4651965 9.22847 0.00867
2459002.5126399 9.23623 0.00681
2459002.5673399 8.98095 0.00515
2459002.4607635 9.19337 0.00842
2459002.4562952 9.18684 0.00835
2459002.4473598 9.13124 0.00908
2459002.6248184 8.73969 0.00423
2459002.5338558 9.14429 0.00663
2459002.6026893 8.82104 0.00460
2459002.4518165 9.17436 0.00836
2459002.6071101 8.80918 0.00436
2459002.5850262 8.88759 0.00460
2459002.5035534 9.30045 0.00746
2459002.5894354 8.90164 0.00466
2459002.6159645 8.78452 0.00435
2459002.5938684 8.86239 0.00450
2459002.6115431 8.80153 0.00431
2459002.5585092 9.02825 0.00580
2459002.6292514 8.73428 0.00411
2459002.5982789 8.83306 0.00449
2459002.5761712 8.94992 0.00495
2459002.6203969 8.76691 0.00427
2459002.5217252 9.20507 0.00652
