2425321.599	-3740	-0.036
2429880.568	-3201	-0.067
2431022.515	-3066	0.016
2431462.321	-3014	-0.007
2434253.489	-2684	-0.064
2434304.372	-2678	0.070
2434710.268	-2630	-0.030
2434714.447	-2629.5	-0.080
2435691.510	-2514	0.054
2435856.253	-2494.5	-0.139
2436245.275	-2448.5	-0.197
2436486.560	-2420	0.028
2436541.370	-2413.5	-0.141
2436820.533	-2380.5	-0.100
2437205.517	-2335	0.033
2437222.377	-2333	-0.023
2437222.417	-2333	0.017
2437907.509	-2252	-0.010
2437907.550	-2252	0.031
2437945.472	-2247.5	-0.109
2437945.504	-2247.5	-0.077
2438144.395	-2224	0.045
2438440.302	-2189	-0.087,
2438440.348	-2189	-0.041,
2438753.273	-2152	-0.071,
2438753.300	-2152	-0.044,
2439070.443	-2114.5	-0.086,
2439142.337	-2106	-0.087,
2439878.266	-2019	-0.026,
2440068.542	-1996.5	-0.061,
2440825.506	-1907	-0.111,
2440859.511	-1903	0.061
2440914.331	-1896.5	-0.097
2441155.504	-1868	0.015
2441189.341	-1864	0.019
2441210.459	-1861.5	-0.008
2441248.482	-1857	-0.047
2441595.314	-1816	-0.004
2441599.428	-1815.5	-0.119
2441599.453	-1815.5	-0.094
2441984.446	-1770	0.048
2441988.428	-1769.5	-0.199
2442741.339	-1680.5	-0.072
2443392.609	-1603.5	-0.088
2448209.6711 -1034	-0.0022	   
2450307.3162 -786	-0.0044	   
2451144.6845 -687	-0.0033	   
2451398.397	 -657	-0.038	   
2451436.390	 -652.5	-0.108	   
2451863.6357 -602	-0.0038	   
2451867.7992 -601.5	-0.0694	   
2451918.5502 -595.5	-0.0679	   
2452159.6745 -567	-0.0039	   
2452176.5911 -565	-0.0038	   
2452252.7163 -556	-0.0029	   
2452269.6326 -554	-0.0031	   
2452286.5500 -552	-0.0022	   
2452565.6717 -519	-0.0030	   
2452586.7519 -516.5	-0.0684	   
2452874.3500 -482.5	-0.05	   
2452878.6300 -482 -0.00	   
2452929.3766 -476 -0.0030	   
2452988.58525 -469	-0.00216	
2452992.74846 -468.5 -0.06807	
2453026.58164 -464.5 -0.06791	
2453559.452	 -401.5	-0.068
2453614.49789 -395 -0.00038	
2454020.4937 -347 -0.0008	   
2454071.2432 -341 -0.0008	   
2454092.3224 -338.5	-0.0673	   
2454367.2818 -306 -0.0012	   
2454388.3609 -303.5	-0.0677	   
2454773.2794 -258 0.0002	   
2454807.1086 -254 -0.0036	   
2455479.4780 -174.5	-0.0655	   
2455855.9340 -130 -0.0019	   
2456177.35038 -92 0.00084	   
2456219.6407 -87 -0.0001	   
2456257.639	-82.5 -0.064
2456934.2993 -2.5 -0.0641	   
2456955.5087 0	-0.0003		
2457987.4172 122 0.0011	   