-2.293607124823348054e-01 2.609583034327930123e-02 3.358364749587989251e-01
-4.156440779187990930e-01 3.642082834412522785e-01 -3.002645186761870866e-01
-1.239863905259448035e-01 -7.554764718377990351e-02 -3.987117292503801758e-01
-3.378317101512420817e-01 2.664257165974254771e-01 3.733913573740559738e-02
-1.875776686231981905e-01 1.140935327303999915e-03 4.874676518639435852e-01
-7.516099085863887641e-01 -5.077656832632998496e-01 2.818709833966128175e-01
3.301588164098599992e-03 6.569381967324429417e-02 2.999844254020995749e-01
-1.311435455195603117e-01 6.969818135523606628e-01 4.210821540065230045e-02
3.622282229045564739e-01 1.843473965967508954e-01 -3.022668960803315819e-01
-6.354552415044359415e-02 6.325167373962159445e-02 -1.017875152166917985e-01
8.222314028858319912e-02 -2.990321998183017027e-01 -5.051904383001221133e-01
-4.077639085752630260e-02 2.216315392246152871e-01 9.695122401407249568e-02
-3.975078967512358785e-01 -1.908705091342720039e-01 2.376708459262472928e-01
5.921796253643849678e-02 9.323151680013329334e-02 3.885618276311009894e-02
3.827279352747647856e-01 -3.164216040931910195e-02 2.703014706713310900e-01
-1.587796271560114048e-01 -3.092114961440121101e-01 7.695437636609039345e-01
-8.398756339396350190e-02 1.366174992347523875e-01 8.057971605328080600e-02
2.323027887468299135e-01 -9.906201452139350161e-02 2.458837335230890930e-01
5.391440637305400241e-03 1.115291949570897945e-01 -8.351351806534000610e-02
-5.424136547503358718e-01 6.951033638311020502e-01 -6.551274005118659649e-02
4.063509210654950299e-02 4.600480685417004945e-01 5.861048138801379093e-01
4.694866246997300013e-03 -2.615190596774853993e-01 -1.228423623627711014e-01
-8.609570787131999581e-02 5.499631152549649959e-01 -5.744760765315243267e-01
3.250732463485563883e-01 4.650254491121015854e-01 5.850115166581860288e-02
5.719718906829138749e-01 2.087403673389854886e-01 5.595232100139631015e-01
-1.582706865361849929e-02 4.296356440760543127e-01 9.664492057527327429e-01
-2.467502652962927090e-01 4.646193021244787724e-01 4.860931869973769692e-02
1.330796734731894970e-01 -6.568893048912520516e-02 -1.729611187621427071e-01
-3.267286423561970021e-02 -6.360596739475769812e-02 9.071717963777710392e-02
2.964664960871059990e-02 -2.995407695994505848e-01 1.771797447602402875e-01
1.193193824783942009e-01 1.518816665005592870e-01 -6.491939371273730552e-02
9.118248911856370598e-02 -1.054447449760615996e-01 9.307767699849940624e-02
4.017339021150809208e-01 9.621182446714869607e-02 2.033433719071240930e-01
-7.004812782845384334e-01 -1.212227390464992033e-01 -2.202153883428569978e-02
4.087309502244613202e-01 8.798227152806460671e-02 2.308708600872201866e-01
-2.811351511592090069e-01 -3.681959209930259908e-02 -6.564905956935281894e-01
3.417099539799740154e-02 5.586586754622928641e-01 4.858917516480709686e-02
3.355751589780581190e-01 -6.433022402890313796e-01 5.477944101540637156e-01
-1.822872433338952047e-01 -1.244312794818556028e-01 -8.555834925826019677e-02
-9.658596641961990359e-02 -2.260063190127389876e-01 -8.551323838849125281e-01
4.513845770918089029e-01 1.367267657349126031e-01 3.840305715182629892e-02
5.268872595789494406e-01 1.847079241646198133e-01 -3.055276774000048046e-01
-9.646085671975600240e-02 -4.624284757386760286e-02 -1.593778828941805059e-01
-3.228194257881228935e-01 -1.493253830229482049e-01 -1.232446114063247000e-01
-8.983339837616720336e-02 -1.939024952617424968e-01 -9.413748719981900048e-02
2.979676241337440162e-02 2.046844480067515903e-01 -4.017177632750584260e-01
-3.304190343940741070e-01 -2.031595363322565018e-01 -3.199049875302655277e-01
1.234509863279742992e-01 -2.378386771400796129e-01 5.800165918066391146e-01
-7.766591548279150325e-02 4.266352193590848829e-01 2.201307865394757923e-01
-3.980635006135874177e-01 -3.387629554543850063e-02 -8.165243999602379843e-02
6.636347889705048742e-01 -2.798209647622422191e-01 -9.402323083759629718e-02
3.222142464784896743e-01 -5.106034900473642724e-01 -3.650135086168860843e-01
9.031665125669293692e-01 1.521331835991449888e-01 1.002141688715153939e-01
2.460892051409065973e-01 2.618970073719248948e-01 -4.340038538630300868e-01
1.069002720535069950e-01 6.436530318768779457e-02 -6.703832132891052176e-01
-4.159095116600897146e-01 1.050499814616007027e-01 5.137973629397109970e-02
-5.518395235121740239e-01 2.123143518700874866e-01 -1.334044565659290027e-01
-4.109729017674934037e-01 -1.911598024965683040e-01 -1.547923483431027925e-01
3.286344330365300048e-01 2.759677116227411964e-01 1.207653457813371994e-01
1.667806492890361869e-01 -3.071238088635859786e-01 4.922820806141888772e-01
5.034825226636470141e-01 -2.396760406476959940e-02 2.208454943121702096e-01
4.140712824777513790e-01 3.719174251976032908e-01 -3.414918012899592070e-01
6.342398458515610682e-02 -3.429148912879709937e-02 3.382703641103820269e-01
1.723522237622227005e-01 5.308399623055106709e-01 5.791085810488399988e-03
-3.792294870420486741e-01 -6.063978951911174198e-01 -8.020168548083060622e-02
2.575620802123355091e-01 8.010252063070238959e-01 9.811239662886479806e-02
-5.164235387423220247e-02 -3.326251527561170929e-01 7.830897881490974655e-01
-3.554986454806686180e-01 3.848662622245211939e-01 -4.378333408643353963e-01
3.353805960221801774e-01 2.981045753188177883e-01 -5.865033894356876942e-01
-1.655465215706949933e-02 -2.254727328221529936e-01 -5.035699881753819690e-02
3.793328803333291810e-01 3.416725634793765787e-01 -1.293135070035701939e-01
-3.838745558487919873e-01 -7.056612584408280542e-01 -2.232310830340623053e-01
5.397442250947042108e-01 -4.125413180347711206e-01 -2.714080897855357111e-01
1.159604127161450032e-01 -5.450931666693650118e-02 1.235238253241121020e-01
2.215115681792245994e-01 -2.756517110074979127e-01 -8.931779383375119952e-02
2.818112341898328932e-01 -3.330410189368708807e-01 2.008285489982734873e-01
-3.180460363940518786e-01 1.156609092396850003e-02 2.023772482103166903e-01
1.805516270974674986e-01 2.614890698078616849e-01 7.651561286408929685e-02
4.607134950901799891e-02 2.613529694404570156e-02 4.242800017572657123e-01
4.590265997883117843e-01 7.248147230627370596e-02 1.431568639967427115e-01
-4.313353948017333850e-01 1.102059140468808068e-01 -1.840650541890813952e-01
-3.874541343945300201e-03 -1.248189559315698027e-01 7.067051187832069925e-02
-4.769343157184099957e-01 -9.254750350974930151e-02 -3.650271411985148151e-01
4.299563927562809890e-02 1.334952091460127888e-01 1.999787854427043932e-01
3.501350404944029993e-02 -7.320023744187511561e-01 -3.805997721307340098e-02
-2.598773211228777025e-01 9.726652062247820307e-02 -1.008265708205196981e-01
-3.788093679047155882e-01 -2.568307797877444898e-01 -9.966834906885490009e-01
4.745256530136532924e-01 -4.547621600142364162e-01 1.524723408512410061e-02
2.262470921379541033e-01 2.343072983629048978e-01 -8.160134800419174272e-01
-2.377518188698468093e-01 1.851231762067320069e-02 -6.490298829312400250e-03
-3.041408630385473155e-01 -2.135541325015128944e-01 5.497612794041509959e-02
1.680374252456995066e-01 -4.340396417890842184e-01 -1.922115804412473095e-01
-8.217042244597970446e-02 2.840246623490991218e-01 3.760710251998632958e-01
5.157188265316600337e-03 -2.295989529986942890e-01 2.624605416912457745e-01
8.415012516481000515e-02 -1.321744118624376962e-01 -4.116611971761199862e-02
-1.489093886341827933e-01 4.194959013205099702e-02 2.645880305155742795e-01
-4.774473598028137200e-01 2.999120730405238078e-01 -1.157101746463323061e-01
-2.284225052853997018e-01 -3.704048566397429854e-01 3.281974489361029201e-01
-3.542720078057812749e-01 1.233064351501421962e-01 -5.215474674175699966e-03
1.902190399425630063e-01 -1.207924889299442528e+00 9.263304289955709425e-02
