-3.603108990065858053e-01 -7.754029534620250630e-02 -9.449115697624080323e-02
1.786673664690351104e-01 1.307199252717272941e-01 2.966963534077000160e-04
1.273149185891057300e+00 -3.139709259860453128e-01 9.232563205229908920e-01
1.165004168143779273e+00 -2.511915054592425145e-01 3.629794598305511877e-01
-3.212590287229639963e-02 3.393126255962353732e-01 -6.172018874407234623e-01
-8.149411706417100665e-03 -1.384191870109625078e-01 -4.103259295282197239e-01
1.346481311433939787e+00 9.875621782108405800e-01 1.254204304502064105e+00
-2.202950841847002017e-01 -4.691400710894610276e-02 -3.237027229713598797e-01
-3.894717272672322816e-01 -1.004224253067650952e-01 -7.341653635169332892e-01
-5.676563852271199889e-02 3.608946502129310036e-02 7.578148086399958405e-01
3.966799777786867987e-01 2.838002704306438750e-01 -5.137096533940621601e-01
-2.842776535905082280e+00 1.512730585002677874e-01 -1.158122323502268625e+00
-1.557934717567734939e-01 1.224447740683110020e-02 9.127488912126059672e-02
1.498582939153682903e+00 -5.978049602538447749e-01 9.502033512978630414e-02
2.993795234772083091e-01 9.707284717792200035e-02 3.903823369923806186e-01
-1.146496637039833011e-01 4.169850002671870309e-02 2.455973545807451919e-01
9.072018141719154771e-01 3.422376262575734795e-01 -1.346136665355770701e+00
3.909348583456259130e-01 5.393624327055850098e-02 3.257699208729676887e-01
1.017337436885899955e-02 -8.264282542382400676e-03 7.550105067281130677e-02
-3.638927894212039965e-02 -2.964652452100510205e-01 8.423603142814499456e-02
-4.147997051961975767e-01 4.024803222611552100e-01 2.100271435028082112e-01
1.063722834893647384e+00 -6.251868287350529352e-01 -1.809793262647709997e-02
-7.850215218925180038e-02 3.357569678295169863e-02 -2.652180607777067101e-01
4.924385965109100149e-02 3.043238640274448237e-01 1.192630860206281979e-01
1.074756762878226052e-01 1.837479944945034083e-01 2.251761521899869889e-01
2.960467996290033210e-01 -9.368934840678959375e-02 1.646805209821941007e-01
2.798835973489864903e-01 3.462371749019632072e-01 7.649927653450853127e-01
4.255596066089250007e-01 -1.760157343498257865e-01 5.925403191669262881e-01
1.304849683910980662e+00 -1.893680211373305333e+00 1.423486316431010534e+00
7.072569178326020001e-02 8.064784886177149559e-02 -4.883582711450151770e-01
-7.404744486509370338e-01 -2.197483027412280160e-02 -1.613136475754869958e-02
-1.315458342297690930e-01 -6.352544783779630333e-02 -2.472251456954229973e-02
-5.113957912200749467e-01 1.637235658239598157e+00 1.353829160748076577e+00
-4.345178561116320309e-02 5.719198711694230275e-02 4.392504336827140338e-02
-2.881930499827355940e-01 8.899977930519920033e-02 -1.170694428566240036e-02
1.813171167606517920e-01 1.668046046779315950e-01 2.114891473001458966e-01
3.117029053804009076e-01 -1.647954130758719909e-02 -5.359526390578838173e-01
9.775901453332069835e-02 4.699123774193329772e-02 -3.084494848322140090e-02
2.221171181508291015e-01 3.817260417959211782e-01 -3.226493949033690800e-01
3.836476122116429938e-02 -1.269887271513575888e-01 -6.292364355292800332e-03
-4.183204082878342889e-01 2.773470045996230815e-01 -2.767392030008910056e-02
1.367879470320201019e-01 -3.682859671787350186e-02 -5.201009629512437504e-01
2.881308951504846783e-01 -4.285099336996970876e-01 -3.410535465434459679e-02
7.180493723515171123e-01 1.740243781247275134e-01 6.313935896038818107e-01
-2.419670230857973614e+00 3.104147781931793082e-01 -3.061739206695516913e+00
-1.158588345502931105e+00 -1.681804695002615979e+00 -4.694029227401445015e-01
9.598149385029179637e-02 -1.631158293833792072e-01 1.929423461389792038e-01
-1.997097662903150883e-01 3.539878125097307149e-01 3.555804091395128874e-01
-2.269813228752730061e-01 7.211616139994319052e-01 -1.647338146219582133e-01
3.373670131735976851e-01 -8.574539156699199915e-02 7.514222390969539644e-02
2.061704610192000020e-01 3.357619468143910324e-02 1.216083272331403009e-01
-4.460949429522004239e-01 -4.504039904172504882e-01 -4.006422747310275922e-01
-2.142893441561589118e-01 2.034238808392467013e-01 -2.352585730883308135e-01
-1.891550880297152015e-01 -1.744495251693566895e-01 -5.461671342878240271e-02
4.130342725882239774e-02 1.860011381088343962e-01 -1.304956947831673042e-01
-2.000643995442359102e-01 -1.321209841451015943e-01 2.617484379327432165e-01
1.912435485103007871e-01 -2.334030159479321964e-01 1.089330420314915948e-01
-2.518491408900588868e-01 -3.739900349461605100e-01 -9.326669666735899755e-02
-9.767894130035367217e-01 -2.755147044925992939e-01 1.834601390929324893e-01
4.605570391555300139e-03 1.353043321560722101e-01 -2.482225742056730911e-01
-4.169381449596035183e-01 -2.248849944062205064e-01 -2.221653998200054103e-01
-1.702872596720977072e-01 7.858936844389097232e-01 4.336409424114656130e-01
-3.882219780921534746e-01 -1.628352913028381088e-01 -3.902189946065438009e-01
7.031278300937049419e-02 1.746843461361856087e-01 6.047211718727139862e-02
-3.739786580134676908e-01 6.589198441148090557e-02 2.227640820555717993e-01
-3.918000202316389985e-02 -1.739824384627096099e-01 3.934298770475487261e-01
1.805066437037778915e-01 1.399494377595090003e-02 -3.078067119245471162e-01
-8.509331000023599711e-02 -9.156617076449249937e-02 -2.529016582445939992e-02
-2.310883952861333968e-01 2.772736400807592760e-01 1.236531853860429048e-01
-7.785817305023685631e-01 6.264691343649850808e-01 2.447917683743519035e-01
1.830518597172819950e-02 8.724617065240219960e-02 -2.897996717833056235e-01
1.440843744960745021e-01 -1.264361498324099997e-02 4.160489243097179046e-01
1.083666475135191959e-01 -2.247218996209900121e-02 -8.477713096935099446e-02
-9.255809272177910330e-02 1.259698285559756270e+00 4.737487790666233267e-01
-4.592219265992830007e-02 -9.111744720309443712e-01 1.033089670762438850e+00
-1.512968369841198035e-01 3.393627217486697156e-01 2.449069546930250918e-01
-7.091275358682980201e-02 -3.818842872015099782e-02 -3.894606855759645825e-01
2.350129726331511737e+00 2.001722572106370002e-01 -4.298982350241413175e-01
-3.379306231468549859e-02 -1.402480235065539996e-02 -3.003117758097947898e-01
2.471838830407548093e-01 9.819503864640169444e-02 -2.729187456862689973e-02
-1.067919972877448886e+00 6.067406731658402386e-01 1.314211647984039999e+00
6.364371641972497162e-01 5.355082208842686375e-01 -9.341522320540374125e-01
-1.286882833994194009e-01 -2.140362280452753063e-01 1.064617256563809011e-01
-1.226013211057021962e-01 -6.120155348714449717e-02 -2.320192070080799931e-02
-9.588678685566200816e-03 -5.079128797841441223e-01 -2.907869938549819122e-01
-3.212808465354080045e-01 4.451981882974886950e-01 5.051005437760289762e-01
-8.817313817706499968e-02 6.003230591783589865e-02 5.540807362977850231e-02
1.032596920625858061e+00 -3.072627575118728194e-01 3.054614129710725989e-01
3.871573795008161900e-01 -2.503574598131750109e-02 -3.626911958182582052e-01
6.877282019722871231e-01 -7.427736009903569414e-01 -5.162767849821622290e-01
-3.357926457157748845e-01 -3.225292086295313831e-01 -2.586081896058751162e-01
-1.748779113506639948e-01 -4.689761851783920132e-01 2.559529455316700199e-03
-1.910867192664454928e-01 -2.536377772082327176e-01 3.164352590491916750e-01
-1.062571064351976347e+00 -2.132919061128520088e-01 -8.239973394178931043e-01
-5.893224015333515808e-01 1.288719093555253103e-01 -9.639599079492650047e-02
5.715692314967399899e-03 -6.145166019440369970e-02 -1.616089740474097869e-01
-1.847123330626543880e-01 -6.985837383278479251e-01 3.934051653107712987e-01
1.866383064881232123e-01 2.190157318127634867e-01 -4.363740783893690217e-02
4.367168095779651038e-01 -1.471785861461235023e-01 3.479889140907319739e-02
-1.454721166593604953e-01 3.466463868001049692e-02 9.526292216637099325e-03
