7.416057862830589542e-01
3.396462370990195723e+01
8.900302248302409680e+00
1.301223825799793232e+01
2.782448443245810754e+00
8.168174197083146737e+00
4.682110203660629111e+01
-2.994760962628792100e+00
6.810616666928274299e+01
9.995236769990514247e-01
2.106164746694681611e+01
-3.848535365833383182e+00
-8.711521031896504397e+00
1.308325996107035039e+01
2.508631300663815011e-01
-5.634857942153463028e+00
1.042498450403817500e+01
-2.102226794129004617e+01
-2.328893341472193512e+00
-5.023198400628579918e+00
1.548787435349711572e+01
5.255354522643269632e-01
7.338754874807396078e+00
2.895431109710168371e+01
8.457433779196334100e+00
9.967492166002962506e-01
3.270835539938342418e+00
1.333446232684997312e+01
8.955078395663376156e-01
2.281175736662253684e+01
-8.065171975139945104e+00
2.143592249316997567e+01
1.287067767991845457e+01
7.858706509441529597e+00
-1.052525896479709289e+01
6.814575524485794844e+00
-3.168482902356048214e+01
1.915049680034579183e+01
-4.696586883327698914e+00
1.942874760995536576e+01
6.653380011353345225e+00
-1.285887971921953365e+01
-1.071527907513152655e+01
-5.944427811492161595e+00
2.053977320921572414e+01
-1.666273787463255474e+01
1.334174153234916282e+00
2.868706260098560534e+01
3.626395609775033169e+00
-2.380038244507867162e+00
-1.232888948996169631e+00
4.360302335560568565e+00
1.502003901610944148e+01
-2.859382763891151313e+00
-7.620981036535019015e+00
1.362244811066378958e+01
-5.114794812301923344e+00
-1.306316862669270762e+01
2.147516911775149140e+01
1.301437280409944108e+01
3.014344433248567512e+01
-4.759501744894558684e+00
1.722782755729837589e+01
4.883125136185280546e+00
-4.574712336623294462e+00
-2.420566474833034221e+00
6.593548019978370256e+00
5.527497038109542515e+00
1.936502136878558034e+01
-7.040928845542982373e+00
-3.017820728513017770e+01
7.332391731547412306e+00
-8.289520843732537614e+00
2.458650762377893528e+01
2.979324425797129194e+00
3.753863368538814882e+01
-8.726250942168487512e+00
8.234863059098140425e+00
3.668075461773176116e+00
7.380091259542944648e+00
2.427843783917437825e+00
4.977519638586159090e+00
1.525254317050238129e+01
-3.210049974739259682e-02
3.862787809937869099e+01
1.202196036361410947e+01
1.877668326331929904e+01
1.694284215129122728e+01
6.074564808229030000e+00
2.527341355880971818e+01
2.270319047677485003e+01
9.415698299053683940e+00
3.481620633397562159e+01
2.014952428051980604e+01
-2.312368676735940198e+01
1.165868990203478361e+01
-3.895098404509685253e+00
-1.472534993324234520e+01
-2.132820612252940506e+01
5.966368107194786496e+00
-1.737526151492233950e+01
1.107353310988061423e+01
4.440996184302528960e+00
1.512968046141393152e+01
4.254965155739945715e+00
1.019900888962832752e+01
-5.450089034618361694e+00
-1.409144669343669065e+01
-1.100062293475729192e+01
2.191767332493681764e+01
2.984354375557061445e+01
1.113658859304662840e+01
5.085888981838325940e+00
-1.528463442849865572e+01
1.910873978094837256e+01
3.558044332223049278e+00
9.382432941974315099e+00
1.109909911652676584e+01
2.729263486354049917e+01
-1.551892477009631222e+01
8.321855520666412431e-01
2.256558141858582900e+01
-6.984285960339578381e+00
-4.985359774776329189e+00
1.571931363892272238e+01
1.508487401060584610e+01
4.168648961703982536e+01
8.469556243863255673e+00
1.799151765277691339e+01
-1.845043029096923348e+01
-1.542570639014133249e+01
1.764218826205076596e+01
-5.041205926166227869e+00
-1.193773114430165094e+01
2.858014270853540495e+01
1.656839153790610197e+01
4.130051239635958993e-01
1.642832302193742322e+01
2.396645738887325550e+01
-4.733940102972683306e+00
1.190798539051802507e+01
9.230990021626260145e+00
1.115037461376729411e+01
-1.507066891457085589e+01
-1.506463360013096775e+01
-7.379253696614668456e+00
-1.620772746720871993e+01
2.260231753855497061e+01
1.566997527039241334e+01
4.433119503651305138e+01
7.975210717265741600e+00
1.789780351382450618e+01
9.665475610139898421e+00
4.040999443918328993e+00
9.747985947070850088e+00
2.806971296826303863e+00
-9.962392537150394745e+00
1.035982576249620379e+01
-1.782258835175892031e+01
1.059873062494307838e+01
1.587733810540710699e+01
3.982734090576893760e+00
-5.812666477375634244e+00
-5.329946331331427700e+00
2.475304315399090882e+01
3.809175601982749626e+00
-1.629858938208333896e+01
-1.915290625261791035e+01
-4.173609682884791283e-01
1.660462385187422996e+01
1.198636233976539955e+00
2.926850496853941408e+01
1.430580936900694056e+01
-1.272893628788102305e+01
3.048733147939209687e+01
-4.424252752894449969e+00
-1.511493188007560917e+01
-9.091437988877812515e+00
5.141364699795067494e+00
-1.508749815145128537e+01
1.702246814311843082e+01
2.308554530604460453e+01
7.151368992325522811e+00
2.707373536287052929e+01
1.580392786198704869e+01
1.230392516386567614e+01
1.399556711670738807e+01
8.415868105168808455e+00
3.397608055140617012e+01
1.059901096540204790e+01
3.247600441839298746e+00
1.689145861572860241e+01
-1.967694041884197276e+00
-3.381786747162387741e+01
3.953036170890888457e+01
2.872144400935815867e+01
3.507473521022789864e+00
2.172245936518375586e+01
8.438075649554042101e+00
2.041578439403409106e+01
