2459002.53132 1.2015
2459002.5282992003 1.23188
2459002.5343524 1.1664
2459002.5464705 1.10807
2459002.522235 1.25717
2459002.5131371003 1.2778
2459002.5576169 1.0751
2459002.5404173 1.13718
2459002.5192025 1.26339
2459002.4954756997 1.3646
2459002.5101052998 1.29492
2459002.5664473 1.03471
2459002.4998970004 1.37175
2459002.4910081 1.34141
2459002.4731493 1.31252
2459002.5841221004 0.94366
2459002.5752899 0.98907
2459002.5531949997 1.08905
2459002.5487737 1.09865
2459002.5434381003 1.14587
2459002.5043177 1.32343
2459002.4865752 1.34584
2459002.4821655997 1.31067
2459002.4776048 1.32066
2459002.4687280003 1.25557
2459002.5161701003 1.26333
2459002.5708686 1.00805
2459002.4642952 1.22047
2459002.4598270003 1.21394
2459002.4508917998 1.15834
2459002.6283455 0.76679
2459002.5373854 1.17139
2459002.606217 0.84814
2459002.4553484 1.20146
2459002.6106376997 0.83628
2459002.5885544 0.91469
2459002.5070839 1.32755
2459002.5929635 0.92874
2459002.6194919 0.81162
2459002.5973964 0.88949
2459002.6150706 0.82863
2459002.5620382 1.05535
2459002.6327784 0.76138
2459002.6018068003 0.86016
2459002.5796996998 0.97702
2459002.6239241 0.79401
2459002.5252552 1.23217
