9.17440 0.00679
9.20478 0.00631
9.13930 0.00678
9.08097 0.00590
9.23007 0.00652
9.25070 0.00721
9.04800 0.00555
9.11008 0.00643
9.23629 0.00673
9.33750 0.00845
9.26782 0.00714
9.00761 0.00524
9.34465 0.00773
9.31431 0.00835
9.28542 0.00836
8.91656 0.00490
8.96197 0.00522
9.06195 0.00573
9.07155 0.00575
9.11877 0.00586
9.29633 0.00700
9.31874 0.00823
9.28357 0.00832
9.29356 0.00831
9.22847 0.00867
9.23623 0.00681
8.98095 0.00515
9.19337 0.00842
9.18684 0.00835
9.13124 0.00908
8.73969 0.00423
9.14429 0.00663
8.82104 0.00460
9.17436 0.00836
8.80918 0.00436
8.88759 0.00460
9.30045 0.00746
8.90164 0.00466
8.78452 0.00435
8.86239 0.00450
8.80153 0.00431
9.02825 0.00580
8.73428 0.00411
8.83306 0.00449
8.94992 0.00495
8.76691 0.00427
9.20507 0.00652