# Data from Sollima et al. (2009), MNRAS, 396,2183
# vel (km/s)	error (km/s)
226.9149	0.3438
221.7848	0.3193
235.2341	0.5210
242.4739	0.3770
223.6837	0.4980
228.3571	0.5150
226.9003	0.3700
228.7701	0.5230
230.8766	0.4870
217.3764	0.4300
234.4142	0.4530
227.0296	0.5660
232.2942	0.4980
221.3338	0.4700
234.7233	0.4410
244.5060	0.4220
226.1378	0.3635
238.6860	0.5180
227.2287	0.3096
230.5679	0.5480
232.4572	0.4120
229.6996	0.3026
225.6538	0.5470
217.9784	0.4140
238.9123	0.4420
224.3721	0.4440
250.8182	0.2913
240.1127	0.5090
235.0536	0.3329
246.7689	0.5030
234.6460	0.3985
234.5902	0.6200
227.6389	0.5770
241.5691	0.5320
236.0650	0.4094
239.1784	0.2477
251.2811	0.4910
208.9179	0.3164
239.6772	0.4910
235.6102	0.5870
232.7165	0.5050
234.6788	0.5710
259.5274	0.5630
229.5306	0.2983
231.1267	0.4240
231.8863	0.5310
229.7774	0.3401
226.2036	0.4550
228.8744	0.6110
220.8277	0.6040
235.4672	0.4040
230.9117	0.3740
218.1578	0.4520
247.9988	0.5570
230.7375	0.6180
226.5722	0.4695
247.1721	0.4180
220.8150	0.5750
235.2805	0.7080
237.4047	0.4974
226.0663	0.5210
239.7591	0.3041
231.9498	0.4480
236.7112	0.4880
239.4952	0.3719
233.9250	0.5360
221.8871	0.3829
232.5589	0.4280
235.7576	0.4638
236.3982	0.7090
235.2979	0.7300
238.9030	0.4979
235.7582	0.4278
232.3693	0.5000
226.5150	0.5140
238.0455	0.3920
231.1853	0.5185
252.1450	0.4590
239.5781	0.5050
237.5169	0.6540
231.0419	0.5830
233.5152	0.3610
233.0578	0.3313
241.4962	0.3729
248.6702	0.5250
238.0400	0.4410
238.4548	0.5370
240.5733	0.5400
237.7999	0.4360
229.2448	0.7890
237.5150	0.7780
245.0023	0.4240
242.9880	0.3350
225.8257	0.6400
250.5892	0.6500
234.3561	0.5680
243.1901	0.4455
235.4766	0.5010
228.1828	1.0080
229.4669	0.5460
208.8717	0.8020
246.7214	0.5390
250.9449	0.7620
231.1815	0.4740
238.3393	0.7920
239.2037	0.4104
227.0072	0.3770
238.2390	0.4070
252.8905	0.3229
237.7480	0.6140
228.0164	0.6200
227.7936	0.3941
227.4044	0.6020
231.8369	0.7340
250.6529	0.3980
232.0497	0.7210
227.3341	0.5500
236.6080	0.4790
239.1602	0.4580
253.1193	0.4130
231.9498	1.1340
227.1297	0.4090
224.0251	0.6550
223.1334	0.3713
217.8123	0.4163
232.6891	0.4570
222.2958	0.4860
226.6425	0.5040
243.4421	0.4260
225.3214	0.4010
233.6194	0.6760
219.5142	0.4310
238.3299	0.4340
247.3411	0.6940
235.0913	0.6530
226.1270	0.5530
219.4953	0.5870
251.1463	0.5830
230.8190	0.7070
227.0116	2.9010
230.5136	0.4310
221.2396	0.5270
230.6129	0.5080
255.6313	0.7080
229.8055	0.5950
225.3947	0.3739
241.5787	0.9230
231.4058	0.3589
233.8069	0.5240
223.6748	0.4805
240.2002	0.8690
241.8021	0.6710
226.3276	0.7520
241.5174	0.7110
220.3158	0.5210
229.2168	0.6330
244.5346	0.6880
241.3536	0.6250
237.4457	0.4560
236.3104	0.5330
233.3121	0.6660
240.9389	0.7170
232.3218	0.3321
246.1700	0.6590
226.2469	0.6750
237.4798	0.8730
230.5655	0.4503
238.0475	0.6180
228.9487	0.9240
232.5410	0.6790
231.5291	0.8110
231.9963	0.8520
236.4063	0.3927
237.2960	1.0300
227.5394	0.7540
220.3236	0.6180
220.4521	0.5370
229.5484	0.6320
244.7271	0.5750
227.9729	0.8370
226.0788	0.4987
233.9139	0.8570
239.8965	0.6430
231.4053	0.6460
230.4595	0.4224
229.8411	0.5111
242.8771	0.6810
244.9752	0.6540
230.5748	0.6000
239.0611	0.5211
236.9861	0.8410
245.3196	0.6650
229.3060	0.4716
223.5112	0.7590
238.3722	0.8220
231.7806	0.6280
242.0786	0.5000
242.8510	0.7130
236.9553	0.7090
244.1174	0.4695
241.0585	0.5450
228.8735	0.5760
230.0092	0.4260
238.9500	0.4409
228.0885	0.6740
246.9313	0.6230
233.3790	0.6180
230.3299	0.6130
230.3594	0.5260
221.7834	0.5970
239.0603	0.4440
232.6042	0.7910
243.3944	0.3730
241.8422	0.7480
241.1067	0.9250
234.2950	0.8410
223.7339	0.8560
228.0482	1.1440
229.7881	0.4270
243.3320	0.7380
224.3561	0.4530
228.4093	0.5720
244.3240	1.1230
238.6253	1.1170
233.4708	1.3370
220.9240	0.6710
231.7099	0.9970
227.1539	0.4730
242.9303	0.3334
242.3567	0.3693
239.5208	0.4410
231.4254	0.3829
235.4453	0.7290
233.9847	0.4310
245.7997	0.4250
282.8866	0.3623
241.5305	0.3762
240.1799	0.3755
233.8839	0.5120
223.2026	0.4043
236.5582	0.4003
238.8471	0.2940
243.8816	0.4850
234.4154	0.5800
219.7747	0.5590
239.4233	0.3390
227.9845	0.4702
210.1327	0.4660
228.3429	0.3521
238.2170	0.3513
223.0685	0.3740
245.9600	0.4660
247.0070	0.3200
221.4615	0.5570
228.5893	0.5071
241.1780	0.2436
233.0706	0.7260
226.7388	0.3999
234.2784	0.4450
221.7131	0.2557
225.6181	0.5197
241.3754	0.3214
233.1732	0.5740
225.1621	0.4410
224.4095	0.5620
231.0425	0.4170
244.8240	0.6240
230.5085	0.5770
227.4276	0.7840
263.9927	0.6310
232.3941	0.6060
223.2757	0.6050
232.8696	0.6400
232.8511	0.5820
231.6408	0.4448
241.6463	0.5250
236.1678	0.4940
238.6164	0.2743
238.0411	0.6970
231.3401	0.6860
221.8254	0.4670
228.5199	0.6690
234.0980	0.4204
228.5078	0.2756
239.7821	0.6670
222.6016	0.5950
197.4056	0.3660
242.7770	0.5860
283.9103	0.4240
229.5749	0.6660
232.4519	0.5250
243.7916	0.6360
235.2337	0.3500
237.3280	0.4388
233.9450	0.4900
232.9285	0.7580
239.0335	0.4270
250.9274	0.3184
230.9391	0.4518
227.4550	0.6930
234.8823	0.7361
227.2192	0.8380
218.8114	0.4467
246.1151	0.4975
240.8032	0.2890
234.6658	0.8110
229.0771	0.5350
229.2278	0.5730
224.3763	0.4880
238.3694	0.6033
226.4656	0.7070
221.8806	0.9130
285.2500	0.5660
221.8675	0.7860
244.3608	0.5400
228.2410	0.8470
245.2774	0.9930
233.8529	0.9690
